Sample Input:
5 4 3 6 5 3 4 6
0 6 0 1 2 3 1 1
3 2 6 5 0 4 2 0
5 3 6 2 3 2 0 6
4 0 4 1 0 0 4 1
5 2 2 4 4 1 6 5
5 5 3 6 1 2 3 1
4 2 5 2 6 3 5 4
5 0 4 3 1 4 1 1
1 2 3 0 2 2 2 2
1 4 0 1 3 5 6 5
4 0 6 0 3 6 6 5
4 0 1 6 4 0 3 0
6 5 3 6 2 1 5 3

Sample Output:
Layout #1:
5
0
3
5
4
5
5

4
6
2
3
0
2
5

3
0
6
6
4
2
3

6
1
5
2
1
4
6

5
2
0
3
0
4
1

3
3
4
2
0
1
2

4
1
2
0
4
6
3

6
1
0
6
1
5
1

Maps resulting from layout #1 are:
6
6
21
21
24
24
26

20
18
18
4
4
14
26

20
2
28
28
11
14
22

27
2
17
17
11
23
22

27
3
3
15
1
23
9

19
19
16
15
1
13
9

25
8
16
5
5
13
10

25
8
7
7
12
12
10

There are 1 solution(s) for layout #1.

Layout #2:
4
5
1

2
0
2

5
4
3

2
3
0

6
1
2

3
4
2

5
1
2

4
1
2
