2222222222122
2222122
22222222122222222212222222221222222222122222222212222222221222212222212222122122212222122122212122212212222
222222222222222222222222222222222222222222222222222222221222222222221212222222222121212222222121212121222122221212121212122122221212121212122121212212121212121212121212122
22222222222222222222222222222122222222221222222222212222222222122222222221212222222221212221222222121221212121222212122121212121212122
2222222222222222222222212222221222122212122122122

2222222222222222222222222122221221221221212121212122
222222222222222221222222122212221222122212212121222
22222222222222222222222222222222221212222221212221222121221212222
