
8192
([)
[[[()
]))]())()
[[]()](

[[([]()
)]
]((]
[))[)(]
[]]()
])]((]()(]
]()[[))]
](](
[]
][[[[]]
]([
][
[)(
())]
[[(]
[[]]][(
[]]]])
()
([)[)([]]
]
]]])
][
(())
(([[][
](](]
]]]
)]]
(]()][](
)()[[)
))([
[))()
(
(])]][
(([[
)(]
[)[
][
[([)(])((]
)]])[]()(
]][]]][
](()[(][[
[])[([[
(][])])
))[](
([[])])]][
))[[))[
[)])
)
([
(([)([([)
[]([)]()]
[](]()])[
)]([
()[][()(
]])]]]
)][[]([)
[)]())[
]]][[](])[
)(]
])(([
[[])])(
([()))[()[
)
)))()[[
()]]]([[
](
][()][[]
]]]])[
)[())[))))
(([(([)](
))[
[[[)((]]()
[[[]()))](
)([](
[]
])(][
][
([)(]](
[)])(]
(
()[
][]([
(]))[[[))]
][(]]([))
(
]])[))[)
)
[]((
]([([)
))()[[[
))((([
][)[[[]((
[(](][)(
(]][
))
](](((
[[
]))])](([
]([
]]
)(][[(]
[([)([)
)](](])[)[
((([[])]]
][)]][)[
[]])[)([](
))[([])[
[)([[((])
)[]]]
]](([][)
[]()(()[
][]](()([[
])][]]]]
)((
))](]]]][)
))[[(][)()
]
])))))][[[
)))])
](][](((]]
([(][((
))[(([
(())(](
]
]
(]
[](])(
)]][)])[[]
)(([(]([((
)](()
[]([
())]
)(
)[
))])[)[][
([()[(
]][
](]))[)[(
[
([
[[([[[([)
)]]]))[)]
(]))
])]]][[[]]
)([[[(([
]())))
(][
)]][]
]]]])[](
]))()([[
[)][)(]]
)))))([)
())]
([](
[[]]]]][
[]](]
(][(
)[[)]
(
)[
((][
)
[[(
])]([[(]([
[)][
][
])
(]([(](()(
()
[](])[
([
[()(]]((
(
([]])]
(
[]](
(]
(()[](
[
([][][
[
))][][
[
([
)[[][)(][
))[]][)(]
]]((()][(
[[[[[]][]
[)[[[)())[
[[(([
)
])
[
)](([[][([
[[[[[))]
)[]
]][](])
[(])]]))(]
)(([]])[
][[]([])[
(]
]
(]])]
(]([
[)([
((]))[
]()[)))[]]
))])(])(
]()
]
(([[)
()]](())(]
(()[]])())
)(
([[
])](]([[)
])
[]()((][(
[]][(]([)[
)(][()()(
(())()(])
])[
[[[)]))
[(])[))(
[(((()[
()]])]]][[
])))(]
((])()))
(]
(][(
]
)()](((])
(
[)[
[[]
[)]((](
)]))]
[(
[(])[[[
][)
)
)(
[[
())([([[
)]()
((]][][([
])))[[
))(((((
(]
[][[()[([(
(
()[)][)
]]
][(]
[(][[[
[[)[(([])[
[(]
[([[]]][)
])
]
([()]
][(]()
(]([()[[)
(]))
)(][]][[]
[
)](])]))](
][][)[)()]
[(
([[](
)
])[])[[)](
])(([
)
([[[(
)]]][(
(
(
[]])(
(
])][[
))(()()()
(
)]]]))
][[]][
)(
))][((]
)]]][
])([(][
(])][]
(([[)[](]
]))])))[]]
[]](
]]][[((
()[][]
]])()[((
]]]
[())]
[
))]([((][
(()()][([[
(]([)]
()(
(()
[)])([(([
]])])[
]][
()])))][(
(](](
)
[
[(
][(([]
[[()[)
)(](
]()[[][
(()())))
]))([])(]
[])])](][
[)[[[(
)(])](((((
)(((]]][[(
)
)[
)][[())])(
[[]()([)
]([([(]
(((
[]([)))
][
[(()[)][()
][][](]
]]][][]
))
[[]](
[
)(([([
[([[[
[]()
[
))
[]]))[)][[
(]())[[([
]([)(
)](](([(]]
(()[)(]])]
([[()()
])))[[(])
](]))
[)
())
[(](())
(
[])(][)
(]]()
]]
]
([))]))(
[(([)][[
)([][
(])))]([)
])((()[])
))[)][[]]
)[
([(]
][]
[]([
]]()([](
(([](](][[
[[]]))])]
))(([])])]
)[([)[]])
)()
(](]())]
[([[)(()]
[)(
))]
)](]
[][([[]()
]](])
])]())]]()
)()[]][][
](
([])]([]][
])[
]
(()[]][)
[([(])))))
((](]
[()(((
[[[))[[[
)(](]
)(]]]
[))]()](([
[()([[
(
[]]
[
[[])
(((
[))
)))(([(
)](
]))[[[[[
[(([)
([
]
[]]([])((
[)
(]())
)[]](
]))([[[
)(()
])(](]))])
[(](
[)]
[]
][][[)
)[[
(]()])(](
(([](((
)
[((])]]](]
][[(
([)))[()
()[))][(
)))()(
([)]
[[]
())(]([
][(]]]
([()
))
[][[(
]
[
]]
()
[][))(
](]]](][(]
()(
)
])[[)([[
]]][(][(()
]
(
]]]([
()]])(]()[
][)
[[())]()
)])])]
]
](
()]])(
])][[(([[
][(]][)
]](())]])
]][([)[
[[
]](
)(()
[[]
(]]]
]
[](
(]]])[
)[(]
[
((](]](
])(][)
([
]])][])]]
([([)]][(]
][)[))([)
)))]]])
)[[(((]))
[[]((][]]
])(][)]]]
(
)
]
[]
(())])(
()]
[([[[)[((
]][
)([])][
)[[[
[(()[[])(]
[
(]
()(()(([]
))[[][
[][(
([
)[]()
)]
))([]
](])])
]
)([)([(((
)[())]
]]())[)
][[[[(
[[))([(][)
(()
[)[(][[()
)))
[[)([
))[][)]])
[](
)]()])])
)][]
)]])]([()
[
)])[((
[)])[)
(](
[([))(]
]][[])
[[[(([(([)
]((][[
(][[])[[
]][(][(](]
([())[]
()([(
]
[[
()
)]
](][[[][)
))]](]))
])(]
]]][))(
)]]()
()]]
[)[)(][(
][
(
)(]([[[
]]]]])(
[[]
][[[]])]
[()]
[([))
]))][](
[)](](
)()
][]][([)(]
)))[([))
[[)([]][]
)()[[)
][)[[][[[
)
)])[([])
()([]](
[
)((
[[[[([
[]][
][))
()))[()]]]
)]())]][(
(]]][[]
)))(
]
]((
]](][
[[])]][[])
]]]](](][]
](][([([
(]()()
[]
]]])[)[)
((
[(((([]
]))()[(
]
[](]()[((
](])])]((
]))((]
((
[)]][[](
[([(((
)][([[
)
)([][))]))
()[]][]
)([)]][)[[
](
]])]
)(([)
)])((())
[([])(]((]
))]]))[
][[]]
)([(
)][]))[[
[))(([()[(
(
]][)])
)()
][[
([)]][
]((])
)](
))
([][[
[([([
[[))[[(
)[[)][
[([][[[
([
[[[
(
))][]()[(]
()[[(([[)(
[()][
[[(][[[[[
]](])]
([(
][()]
[]]
[)][)([]
]
]
(
]])[[()]
([
())][[](
)[)((([[]
]]
()[
([
(((]))()(
((()[()(
)[](
]))[()[]([
[(]
[[(
()]([(
(])([[]))
]][
[
(()
(()([[)][(
][(]]](
)[(])(]
]]])([)[))
[[]]()
]
][(
[[
][[]][(([)
][[(]
(](([)(
[][])(
)[)][[]
())
)(](][[]
)((])
]))(]]
)))(()
]]([(][)[
[][[
([)](
)(([][(]
(]
((]][))
[(]
(])))))
)
[))]]]]
[[([][([([
())][[)(
)((]])][
[[[([)]]
])[())
[])[)()]]
][([[)(]][
(()])]((])
()
([)(([[)]
(])][()(
[[]([
][(]])[((
(([()
])()])
][(([))(](
])()])]
()[][)[
]
)([)]
])]](((](
)[]]]()]))
[))]
]](][)[
)[]]](]
)]]([([()
)][)
]
)][]]
)([]]
][])[(]()
]][)([
(]]]])
][))[])]([
)
[(((
())[]](
)(][][)[
][)[()[)
[)))
[[)]
)]
()(])(
[([)[
[)[]([
)(][][)][
[)(
([][(()((
)(
])](]][](]
])]]]())
][
](()[
]](])))))
]((()[]]
])(((([])]
)](])
)
[)][(()
]
))]][
(](()))[[
)[))(()
)])
))](
[([[
[[(]]([
[)(
(()[])
]]])(
)(([]]()[(
[)((]([[[]
])))
[)([]))
[([])]()[)
)[
])][]])([[
([]
[[)[])(]
([]]))]
][[)[[(
[[][)[]
][[([]
]])]
)([[](
)])
)))))()
][([]((()(
[(]]][)
)
])]
)[]](](
()[[][[]]
([))][([]
][
]]()][(]
[[](
(])[[))[)
][)[()([
)]]([[]
))](((]]((
[
)))()]])
(]])(
[((([](
))([])()(
(((]
[[](
])[][
[
([
]]]])())[
((((([
)[))((()
()[(][
[([)]]](])
))]](]][
[)
[((])]
[((]()[][
()[))
))]])
(][)(]
((][((]()
]]])(][(
()][[[(
])]((()
])[[
[([[[
)([[[)
))[[](
)
(](][[][][
([](
((]([[(]]
]([))
())(((](]
))[((]))]]
]][[
][
)()([[
]]([
)
((]][)))
(())[[((()
)]
((
[[][)]
)([(
([)[(
[[)(
][)[
[([[]
))
]([])[])(
[]([([
(()
[([)][)
(([)(
[]]]
]](
(]([
)])())
](()])
([)()(]((
])][]](
(((
[[]][)](])
[)))[
]
(]()
](])
[(()]]
]
[)([]][
))(([[]
)])]
](])])][
())])[[)
([[)
])]
)
[))[)(
)[[][)[])
))]([]))[
[
(([[)
(((
(]]
]
[()
()[(][[
][
((
[(]))[][]
])](](((
]([[]
]))()[]([
]]](
(([[[
)
]())
(]((][(][
[
)[]][)[])
)[())))
)[((()]([)
)(]])
[)(]](]
])[)]]()[
)(
)]]])])
(])(]()
)]](()])[[
()]](([
[[(
]][
]
)(([)]()[
])
))[[)(][(
[[)]])
][][]([[
](
)])(]]
[])]]](([
])(((][((
]([](]
[]
][[][][)]
)
((
([])((
)()([]()
((][(]
[
][[[([[))
[((
)[[((())
(([]((]]
([[)(((
[[[
((())[
][][([)]
]([)]))(
)
]()][]
([[[(]]
])]])[
)[[][[(([(
]]][
])[)))
)[
[())(([])
()())[][
](]
)][[[[
[([[]()[(
()))])
()()))[)
]][[(][
(((
]([[)
)(])))([(
[(])]]]]
[
[()])]]
])
()[](
)(]])()]][
[((
())(()[
)[()
])])(
[][](()(
))([[
[[())())[
[[)](])
]((][(()])
]]()(
()(][])
)([[[(
(
)
[]][)
)[(
(
]()[
)[]((
()(
[
[
()(
[[[(])(
])]([][))
[[[]
]])([(](
[)[)[])([
]
])[([
)
([((]
)]][]
]])[)
()()]](]((
(]
]()()]
([])()
][](]]
[[)]([[](
)[])(]]
(](]
())[[(]
([([
]])[][]
)(((](
(
[
][]]((][]
)[](][]]](
)[]
[(
[))[(
[[
(])]
)])
)[))](]
])[]]](
(][([[](][
)[)()))(
)
()))([]([
)
[)])[[[()]
])(]]((](
)(()](()][
[]][)]])[[
])[[[)
][[)))[)
([(]])]([[
[[)(()(
)]()[[(
])[][[
[(][())(
(((][[((
([)]
)]))][(]
))
[(]))
[()[([]
(]())][(
]]([)]
]](())
[)()]](]](
[[[]](
)[[(((
]))[([
)[](
](]]]
]
)((((]()[
)]))([())
)
()[
]]((
[
[([]])(
)(([[
(((])])))]
]))
(
)
([]](]
[))[)]))
)[[)(((])[
]](
[])
[)]][[][[]
[(([
)[)
()][)])(
([[[)(](([
()])(
)[))[)[]]
(]])([)
[)][))((]]
))[((())[)
[))[[([[[
]([
)])[]])[
[)((][)[][
(
])
)])]))
][]])
(](](
[(
])([)(((
[
]((
[[[
))]()
[))))
])((]][]]]
]([[)
)]
[)(()))
]()[]
))(()
[[]
]]())
)(())])
()][)][])[
[[][[
))]
)()[)[][
])[][(
]()[
(()(][[
)()])
)
([)]())(
)][]
[)]]
(
]
[(
[)[[])
((
(]]))[[(((
([)
)()[)]))[(
((][]()[(]
[[]
))()([)((
]])
()))
([[
[)(([[(
)))
()[
]
(](())]
](([][](]
[[(](][)]
)]))(]
]])[()[[
[)]]))[(
]](]]])]](
[)])
)[))]]]]((
[))(
[[(
)]]([[
)(][)[)])[
((])))])
(]()][])(
[()())
[))[]()
()]]])()
)])[[)[)
[[)()
(])()
)[
][(]((([([
[[
(
]])
]][(
)
))))([))
])((
[)])]]
])
((][[[[
([[)]]
)(
)[()
)][))])
(()[)[[(]
[[)])[(
()))([)
(((([([)
)](
[[)][)[[[(
[[]][]
][
[][(]][
]](]([[)
[[[((([(
[[][
)))
)])(])
(
(]][([)
[)))[[
[)((]]]
(]())
([][)
][
)[
)[[[(([
((
[[][][()(
)()(])[)()
[]([)][[]
]])([
]()[
[[[)[])
[]]
[
[])(([[(
)])]))]
)())][]
[[((]((
)[)([
[]][][[([(
))[
])([)]](]]
[))()][
([
]]()[[)[
[](((
(]]
](][))][)
])[[)]
[]((
(]]])][(()
]))[)[[]]
([(]](]
[]]])[()
][[))[]])(
][
(]
[](
[([]
]([)
))())[][(
(]]
]][((
)(
(]])[((]
([[(([
[()]
([(
][)(
[([[]
][][
[][(
)[))
)][))[(
])[)[((
)][](
]](]][
[[[](((])
)
]][][)]
([[
[)()[]()(
][)[[[()
[[)[)
(
()[](]((
]
]])]
(())(])([
]]])])])
[])())
[[(]](
([)())))
]]
][()(
())[[(
([)]]([)
)))[(
(][])
())]]][][]
))[]
)[]][[
]](
()][
)])
)[))]))[
]]([(
([[(
[[[)]
))()]](
[]))(([(
]([)
()[([())[
)()])()[](
((
]([())
)]([(]([[(
)()]]
[](])
(([][(][])
[([]
([(
)[()][)])[
([
)][[[][))[
[]
)][()]][](
([()
]))
)]])[)[(
)[])]]]]]
()
](]
(]]][[[
][]
(([][(((([
[
()][)
(
)]
][)[)])(
((][(((
)])]
[[([(][
]]](()]([[
])][
(((])()[
]](
[][[]
[)][])
)](]]([[[
))))][(])
)[))
[([[[
[[]
(](
[((])([
]
)](()([
)]())]]
)(()]([)[[
]][([[
)[][[
][](()[((]
])[][)
])(((][
]))
[()[
)][)(]
(]]](((
[)[])]()
[([[]])]
][][([)
)][](
]]]
())(]
])
(]
())[[[]
))[])](((
((()))
[([])]
][))]
)[][)(
(
(][](]
](][)]]
[[))((]]
((](](](
)((])[()]
[]]](]]]
[([[)][[[]
([(([
]([(
])][)]()[(
](
[[)[[[[]
(
()[])(((
)
(([)[
)]]]
[
][)((((
[()]([
]][[)
)])[)(
)
])[[]
(
][()()
([)[[)
](]
)])())[])]
[()
]
)))))
))([)[)]
[]
][[[)])])
[[(]([]
])[()[]()]
()]
)()(([[))
)([][[[]()
[)]
)]())(]
])
[)(
][[)()][)]
(
]))[
([
)([
])((((
[))])(][]
]])
]]
[)
((]](]()]
()
([)
][])()
[)](])(
)](
]
[[
)((
(
]
[((]]](([(
](
](]))]]][)
)][]]
)[]][[]
[([
(
())[[)))((
[)][]))
)])
([([)
)](]]
[][][
[)]((()]]]
)][]
)[](((]
][([
)())[
]
]]](([
))]]](
))[[
]([][
)][](]((]
)))((
(])[]
[([[(])]
](]
[)[]]
]]([)[(
[](((
))
[)]][[](
(]]((
)]([)(]]((
]]))
()(
)([)]
[([)][[
[[]])([(]
]]]([]([
))((()))
[]](
[]]
[(()][[]
[()([)(][
[
[[)([((
([][)[]([]
)[
]](]]]]]((
)[(
]
(]
]()[]()
][[[
[([
()[)((]
[][]))]
)
[([[[([
)][[
([](])][]
[
[]
))]))
[)
[)][[
()(
)
]]))(
)])
)]())
](
[(((][))
[[)])((
]]
)])
[][(((]
((][]()[]
[](
)(([
[[())]
]
)(]][)
])(
[[[((]])()
(()[
[))))(]]))
((((]
([[])])][
]][)
)()][[)([(
(]]()
)][)()(]])
()([[([
))]
[)]]]([](
([)]
(]]
))
[([
[(([[[
]
)]])(
([[
[([
[[[
[)]]()(])(
[][)](
[(([[([)(]
[]](()
]
][][()(
((()]]
(
(][[]
])([
[[))](
([(][](]
][(
(]])(
)([)
[[]
))(](((
)
[[]
)]])))([)[
](
[)([(
(((([(
[(()[
[
(
[[(
[(]]
((]]
[()[]
]))))[
])]((](
()(((()
[]])([))
())
[))
[
[](](]](]]
])
])([])([[)
)[(
))
][(([[
]](([)])
](]([][][(
)]
[
])[]
)[)([)[(]]
)](]
[[[]](
](
]
[(](
]())
(()]][((
())])()]]
[]]()]
[](]])[)[
((]]
(])((]][[
(()]
()])
))
)()(][](](
][[)([)
))
][[[[
][(
[()]))]
)[(([(
[
))]]())))[
)(]
[
)[)]])()[[
)[]][[[[(
][
[[()([[(]
())([
[]
)(((]]
)
))[][
)][
]([(([)(
](
((]
][)[()[([
((
][)
)]((((())[
()[()
]])[[
(
)()
[]])(][
)))([)[))
][[()(]((
[))))
][]]]
(][[)])[
)())])[
(
)
))()()((])
[](()]
)][][)
](])[
()[]
]
((()[(()([
[[](]]
)]))(
[[
[[()[[()
[()([(
[[
)]][(][)
)][
()
]())[(()(
)))([[]]
(])
]))[
[(
]]((
))))[[)
[][
]((][]
((
])]
[(
()([[((
()([]]))[
))[
])]()[
())[][)(](
(((]])[(
)]))
(()[]
([]((](])
]]()[[(](]
(()[[)
[](
])]
][][]]][
)([](
[)(]])
)[([()(]
)]
[((((]
[)[[)([]]
]]
[][([[))
[))(((()
]())[((
](])))()
[[[[])([]]
)
]
[[]
([(
[[]]([()
]](([[)
][]]]([[[]
)
][()][([)(
][()])
])][])((
([()[][[)
][(
((][)][)
[[
[](]](
]([[][)]([
[]])[
[)[[())()
[)])]))([
][])[([
(]])[)][)[
((()(][(
()[)[))([(
[([]]))
(]]()][))[
[()[))[([
(
(])][
((
[][([)(
))]()])
()((([(())
)[)(([
)]][[
)[)[][
(
][])[][
)]])[[]
[)])
]
]
[[])
[]][([(
([]]()])(
(([(
[[])))[[](
)))]]][
)][)[))(]
((]
]][[[()[][
[]](][([(
](]
(([[[
])()()[[(
)][)[[([[]
(([)](][
)
][
)[])[
(])([)))(]
)]]
(]]])]
]))[)(
[)]((([
(()[[(
((][)([[((
)
]))(]]]
(((]
(
(]
]])[((
([
())))][)]
])(])]
]](]][([[]
(([)([[)[
(])
[
]][])])()
(])[[
][(][[([(
(([)]([]
)([)])[
()()])[()]
[)()
[
(])](
]][
((]([[)
][])[]))
][)([(]
([][
(
([[)(][[](
]]
([]
[)()))([()
[)][
(][[[
]]
]
](
[))][[[
[(][[]][()
[[)[][[]
]][
[((((([)
[[[)][][(
))()()
][]](][
[)]]
)]))(])(
[)]([(([))
[))[
[((
()(([
)[(]])((
)[[)]())((
[)][
[))())[(
]()]
[))
([([])[[[
]
(][(
)(([)([([)
)][[[][
][
(([
][)[[
]((](](][
)[[(())(
])[[]]])
[[
)[[[))[[[]
((()[[]]]
]][)(([
([[])[(
[((
[[](
[()[]
]
]](([]
[][
[[[(
]))]
](])
(()[[
[]]][[[)]]
[(
]))
(][))))(
[[]](][
][
[(
(
])([)))[)(
])][]]
)
)]])]]()
]]
[)])[]))
](](]([
[)(()()[[)
](]))(])
(()(]()[[
(]])[
()(
((())[)[(]
][([][
[)
(
]
(])[])[)]
))
(())
([[[((]
(]]]])][]
[)[
[[)((]])
(()
[])
)[((](
(]([([([](
[])]())]
(](
]))(
)())
((])
]))[((((()
])[
([(([])
(
)](([
]
[[[[((]((
]
(]((]
][[](]]
[)[)
]([[)]]([]
[[[]
))()[]](]
)]([
(][))()
)(
(
[[(())(
))]()[[[]]
[]]][]([])
(()([
]]))][)))]
([])(])](
([)()
)]([()
(]]
)(][(()[)(
]()
([[[)]
]]([)
[]([)[))))
(]
][[]][[
]))]]((]]
(([[[]]()
[]([
]))][]()(
)](]()()
)
()
)[(([[)
[)(
]([()]()[(
())
[[))]((][
())]([(]]
[
)(]][[()
]
[)
(([][(
[)]
)[](()
()]((
)
)
)()]][[]]]
[(([(
[[([))]))
[](][])
[)
])][
)][])])
(]))((]([
])(
)(]][)[(
[[)]
[()(]()[)[
)[(]))[]
(()([)][(
([]))])(
][)
([)[(](
)]([
]()[
[](()[(
[[[[][()[
((][][)]
)([))[
))][(
][
](
[)]([)
((([)[][
(
][[([]](]]
)[))()
]))([)([(
[]
][))]
]][()[)])(
([(]
][[
())(])[])
)[])
[((
[
)((]
]
()([(())
]])))][
]][[(
[]()[]][
(][[)()[])
[)[]()([)
)
]]]
]]))))))(
(][]]
(
[(]
[
)]))
([[((((])
]
]])]())
([)(]]][)(
[)[[([]
((]()
](((][)]
)([)())]
)[)]][
](()]])
[())(
(])][][)
[]
](](](((
)[])
[
([()
(]]([
(][()([]]]
][([[[])(
)[))]
])[[[(
))
)[[[]))[]
(]()([]
(]]()]]([)
)])))(][
)([)
(][[[]
())(((()))
(](][]
(((]]](
))(()]([))
[((][()
[[([[)]
(
])
]([(])((
]
]))[
][
((
)[][
)]]
())[))[[)
[)[)[[([(
[
[[]((]((]
])()][(
([
[)]()][[]]
[]])]
))
(
](]][[[)))
([((]
]
[[[(()[]
])][[)
)(
)][[]]](
)])
]]
][]][[][
()]]]()]
[][)]
]
[[[](()[
]]]
[)[))))]([
)]
][()[[([)]
(]
](]](])
]]]]
)))]
(]]]
(]())(]])
[)(])[()
[[
(((
[()]]()]]
])
()]([])
])[]
))(]()]
](]]
)())
[)
[)]([
)(
)][]]][(()
]][((((
([])]]]]][
[(((())]]
[)([]((][[
)
(][]
[(
[)
[))[())[[[
)(])(
(](
))]
(()())
(((]))))]
)(
)
[[])[[
[[
)[
][()(([)[(
[
(][]()][[(
)([)]
)[][
()[[[([]
([
(]
))[[][)([
[])](
([[
))[]]]][()
))
])
([
))([
[([][]
)[((]
()[[[]](([
([(]([[[
[](]
][][)(]]]]
[
([((
)[
[]]
[[(()[)(])
](()([)(]]
[
[]
(
][
()((()[
[([(]
[
(()([
]
(()))][
()
][)
]([)]
]
)[()[([[
))
]
])(]))
[()]]([
)[[
(
(
]())]
))(
[(][([
(]
][])
])(]
)[]
([
)([(()
(]])]]
][)]([)[[[
[[(([(
([])[]][
])](]
[
))[][[]][[
]()(()
[]
[))((
)[[[([()
]((((
(()[)
][(
)][([((](
]()))))
(()[](]()[
]()]]
][]])[
)[(([[(())
([(](]](]
]
)][
(](((
[)
)()[
)][]
)([[]((
[]([)()()[
[(
[)])((
)
]())]([
))[
[[[[
))[])[]]
][])[()([
)([]
([]
])](
))()))[(](
(]
)[)]((]][(
)(][(()](
][[[()]]
[(])]][)))
]()[([[(
)]
[[)((]]))]
)](])][)[
(()]))][[[
)][)[[([](
)((
(())
)]
][()
)][[][]
[[)]]((
(])[[])((
)(]()]()
[[)
[[]
))]
(]]()
([((
)][()[]
](][)
))[]()(()
(]])
[]))
[[][
)][[[((
]([(
])]
))][)
[[()([()][
)])]]
[
))()]
[[](
[
((
[[[[([[))
[[]([()
(]]()](
[())[[[(
[[][
][([)[)
(([[[][([
())[[
)][](
][][)
)
()]([
(([))
[([[((
())())]]]
(])())
))[([(([))
[))]]
(
)[)([]](
()]
](((
](()()]]]
]
)([
()[]([](
])][()()(
[]]])(
(])()(])[
[)]
[])]()[)]]
[[(])
[[((](]([]
[
[)[[(
](
]
))[
((()(
](([]()[](
))())))(
)[](([[]]
())])(](]
])[][[[(
)[[[)(])
][
())]
[][)][[[
()])]
[]]
[)(([
)
)[][(][(
[)][]([][)
(]))((([
]])])]](
()
[)[[)
[[[][)
])(
])[)))][
)[([[
)(
()([)
[][)
[(][)[)))
]]()
]])
])[](()[])
))])(][(
]]]()()]
[[]])
(][](]](
)[[[)
[((
]([(()
((([
[([])[](
)[])
)[[]][(]
)()]([(]])
[[]
)[(]))
)()[([([[
()([[))([)
])][)[]]()
)(())
]]]])
][
(
])]))][(
[[]]
)(]]])(
[))]()]))(
[)([
[[)](
[]]
(]))[
]]
][
()()((]
)]((]]]]
()]
(][))[)()
)))]
[([)]
][(]]
)(])[[])
])[[)[[[
[
)][)][()
]]])()
()[(][()
()[()]][)]
()
((](
)[]([]]])
))[[(
)[(]][[[][
[(()(][[(
)()[)]
)[[[)]()[[
[[)
())[[()()
][]([[([
[[
[(([][[[
)([
)[[(])[)((
[))[]]
])
))]]))])][
]
](]])][]
[)]([]]
](
)])(
])[())
)[]
][([)][[
)()([)(
[((([)(](
][([[[)])
)(
()[
])[]([
)(((
[)[((
((]((((])(
[[())[
(
][()][][[]
))[[
[(()(()
][
)[([)(]((
(]]([
[()()]][
)]]][((
]
(]))]([])
)[[(]]][[(
]][
]([[)[]][
((()[])]]
][])()]([
)][[)([
]((]]]]][(
])[(
[((([])][(
)))(
)[)]([(]
)(](
()(
((([())[()
)())][[
([
[)([[[
([][()])[(
[))[]
[))(][][)
([[[[][
]]]()
([)([[(((
()))]
[()]
]([[(]]()
(([)]]))
(](
]]
][())([)(
[)]
][([)
]))[[[
)[)[[]()))
)])]((])[
)
([[
[)[(]
]
](()][]
][[]((([(]
](]]))(
][()(])
]])](
)[)[)]
[(]([)
))
)][(][))]
[[)([)([)
))[[[][([[
(]([
())](
])[
(][[
[]][[])
)([)[)[)(
[[[
]]]((([
][[[]
[))])[
)[(()
((
[(()[][(]
[])()
)))([
()[)(
[)[)()]
]())([(]][
)())
(]]])[(][]
([))()[][]
)]]
([[))
][])])[[]]
[)])(([]
][))[)()
)]]]
[([)
([([]][(
)(]]((]
]][)[(
]
(([[
])[[]
)([
])
][
])))]]()[[
]([(]]([)[
((([])
)
[[[(]
(])]
[))]))(]((
[)())(]]]
]
(
])([](]]
]
](()((]
))])
][)[
(]))]()(
(]()[]
[[[))
)[((([](
[)([]]]
([[[[)(])(
[(([]][)((
[])[][])[(
()
[]]))]]
][)[(
()([[])])[
)][([[)](
]()((
])][)(()
)([(][([
))))((
[[[)][
]]][
])
][[([)]])]
)(
[)[(]()[)
)))][[()(
](])()])
()][([)[
[]
[[(]([][
(][]][[])
]])]])]([(
]((]][)
]]
[))]
[([
]
)()[)()][
())()
[)[[[(])
[[
(](((][)
(])
(]([)([
([]
)][)((]][(
[)[))
)()
(]]]([[]
)[(([]]])
[[
[)))
[]]((]))
[
]]
([(](]]
[[)]]
[([
][(]]((]))
((])(][
]]])(()
(]]]]]
[
)[)()[([)
[[][((
]())[(]]
(][
(]][[(([)
]
[]])[)()
][(][
))
)([([([
[)[]()(()
[((([[()
([([(()]
]](])
([[]])]]([
([[[]
](])]
[]
)])()])))
(])](]]
]()()
[[
)[(]
))
)
)](][][[)]
)(](](()]
]([(
[]])((])[]
(][)()([()
]
(
](][]
)[]]]]))
(][
]]]]][[(]
][(((([]
([))[(
]]
)]([[()))
[](
]]([[]]])
[)
[
[)[))([]]
)]()][]]]]
)][((]]]
[[))]][)
(]
))[]()]
]))[[()
(]((]
[()[)][]
[[)[(](]
([([((
])
[(
]
(([[[
[(]()(]
((][][(]
[))
))[)(
)[](([(]]
()
([[[][)
)
)[[[]][]
)[(()[)
)))[(][
)][(()([[[
)))(]
(]
()))]((]]]
([)[[[[))]
))
)[[[][)]
]((](([(
]
])[((
[]()[
)(((]([[()
(((()[]
]
(][))]](]
][())[)[([
[
[)
](((((
[])])
][][
))
(([())
()])[
))[]))([(
[))]((
[]]]]
]]](]())(]
)(][]]
])[][
[([)))
][(
]([))[))
)()[
]))
]))[[
)[)[))(]
[([)[()([
[]](][][
(((([[[)
([][((]
]()
[
([][)[]](
)]
]()([]((
)
[)]((([(
](
[[()[)][
[()))][
[(())
](]][[)])[
[[(]
[([)(((])(
[
][(()
[[(]](([[[
([
)
[](]
()[(
(]()(([[[
[)]([]([(]
((
][][[])[((
[[
)[[[))
]](
][]
([[)]()
(([)((]])[
[[])(([[
)[][
))(]]
])]((
)]))][((((
][][)(
[)]
()[](
][])]]((])
([](][))
[](])(])[[
(
]([[)(
()())
)((
(])(]
)][[))))[
][[()
())][[
[
])
[]
[](
(
))]](
(][]))(][]
)])](
())[]()(
][]]
()]([]()[
)])]]]))[)
](
)
]][]])[[[[
)][[
)(]][))[[]
])[[)([(
(][))]([(]
)][)[[[[)
[
)]][
][([
)(
)([])
(][[](()
)[(]]()(][
[[
[)[)(
[
[
)([]][]([
[()([]()
]]([))]
([[[
[[([[
]]((])))(
](]))]][
)(
[[[([((][(
[[
))(])(
([[
]))
()][[([[[
)]())[([])
[](((
)]]])[])
]
(]
(]()()
])]]))]])(
))]
([][()
(]))]([
[
[(
(
])
[
(]]())])()
](
[)(]]()
(]([([]
])
])(][][]))
)
)](](]
][))
(
[))]]))[
)))[)]]
]()[([[[
])]
[[)[[)(
[(
))))([
()]]]]
]]([))([)
[()[]])
]]([[
]]))(]]
()))[
]](](((][)
))))
]]()()()]
())
)
)
]]))()]
[[[([[
)([(
))])][
)))[[)))[
][[([
(([[()((([
]
])([((
(
[([)]
](])
)[[]
((]]][(((
[])[
]]](]((]
])][
()[
])
()[[)(
([()[[[[
))
(]]
()
[]])
](]
[[(]
]((
][[()]
[))
[)([
()[]
])[[)[((
)(([
[[]
[](][
(][][]))
[[])
)]]
)]
)(([[])
(]]
([([))(]
]
](((
(((](()(
()]]]
(
)))[]([
]])([[[
[])]([)[(
)][][(])[[
]](]]
)
[[][(())(
][[[()
[(]
()([
)]
][])
][[][[(
[
]]([([([](
)[[)[[
)
])(]
[[([]
)]([[[(]])
]]]
]((]
](
])[[[
([[[[[)
]()])
[])]]])
()
)(]]]]][[
))[)])([
[]
)[
()]]]]
(()]
)][
(
]][
[()])
))[]][
](([]
()]((
])[(
[(]](
(
)[][
[]
]
([()(]
][)
[)))([
([))[[[
))]
]
((]]
()])
()([[
[)])
)
]][([)]
][])))()[
)(()[[([)
(
))[()
)[]])]
]
][)))))
])][
[)])
(()][
(()(][()]
][(([[([[)
][
)]
[)[)()[(
(
())()]]
)[[][[
)()[(
[)[[(()[
)([
)))[
(][([
)][]]
])
][]
[
()([))[
](([][
])(][
[)((()][[
)[)[
(((]
]]
(
(]])(
)][[
]
[][[)))[(
(
(([))[
)()()[()](
([[([)[
[[]()(
[())
([
]
)(
((()
([(((()
]]]
]](])]]])[
)][([)]])
(](]]
])
[[][)(]]]
[[
()
])[])[)][[
[]]])
))
](])())][]
))
)[()(]]
((]]]((
][[([(])
[([)([
)][)[
))(]
]
]]([]]]]()
)
)
[(()
])])]][[(
]
][(]()])
]([[
)[))()
)]
(][]][
[)][)])])(
[)[])[[))
])
](([])(
])]
(]
[]][]()
))[[([]]]
(]]
[))]
]])[[))]]
]][
]()[[([)]
))[]
)[)
)))[
[])(][
(][[[
])
))[([
[(([
]())))[[
(])[
(])[[]
)[(()]
[)))((()[[
)[(]
]][(
([]((([)(
(()[])((
][
([(]()))](
[(][[[)(]
[
[)(()[((])
))])[)[)[
(][]
(]](
]
)[])
[((()[()
[([](]]]]]
(]((
]()
[[)[(])[
[[[([]]([
)))[
)
)([[[[
[[)[)()[(
)))((]()
[][
])
[][[(([[()
][[()][
))(()[]]]
[[([
](])
[])][[)(][
)]][])(([]
)[)]((
([](()]
])
)([([))
[[))[(
]()
]]])[]])[)
](
]]
[))[
()[)((()[
))(
)(
)
((
(
(())(
(])])
)
[[)((((
)]]]]
[(])[))](
]])])(]
(
][
(
]])()[)
)[])[(()
([()]]]
)())[[)))
]]
[)(]](][[
)
)[])]](]()
)[][](([)
)([(]
[(](
[](][[(([(
(()[][
])
)[
])
[)(
][
()
]](]((
(](((]](
)]((
[)]
(([(
(([)
[
[()]
[[])]
([]([)]][
[[([([
](()([(
)][])))([]
)(]
)[](
(
[[(
]]]]
((]]((()]
))[
([
)][[))
))]](
][[]]()([(
][(])][
)
[
[()
[(([)]([(
])[]]
[[)[())[[
](([(
(((
((][
])[]())
[
)
[[)
))[](])()
))][)]()
])]]))))]]
([])((()
]
[))[([]
])]]]((]]]
](([(
((]()[(
])([(])[()
[)
)[]
]))[(
][()()
)]()](
)][))[)
)]
[(][[[))
)]
[][)[)[
[]](]](]))
[([
)(]
()[(((]
]())[
[())([)))
[
([]([()
([()[[)]))
[])][][[]]
])[][)]
[)(((]]
(]()[)
](])[)))(
](()([[(]
]))(
(](]
))[([]]]))
]](
(](]))
(
[[
(])(
[]
[(
))[])
)][
[(([[[)))
(][)[()])[
()[((()]
[(
)][][]
[])[)(
]]])
()][
]
(][()][
]([])]](
([
(
)((])[][
))[)))
()(]](](]
])]]])
[(][)][
(]))][
[)])([()
]]]][](
())])(]((
]])()))
[
)()]
)(](((]))
]
]])][(
])](])
]([]
(([][](
)
]()(]]))
(([))]()
)())
(]]((()()]
[][)[([(]
[([)][]]))
)([]
[)[([[
()()[
))[()]
[)(([)]
)]))][
]
][
]))([[)[)
)()[]]])[]
)])()]
](]
)])[]
)))])(([)
(]])))]
))
][
])))
]()[[
][](])](
)(][
])((]]([)
](()))(((
])]
(
]))[)(
[
[([)([)())
[[[]]][))
(]])
)[))](
)[]()]]
[()])][[]
][(
((][
[)]))()(](
[[
()(]]])[)(
[()]()
)](][)
[]()]])(()
[([])
[]]]([)[)
[([()(()[[
][]
[][)
([)
])]
[[)))(
()
)[(
))
)]((]]
]
([)(][
])(([(
([][()
))()()]
(()])
]
)]()[
][][)]
([[[]
()[]((]))
])([]()
]](])
))[))(
(]]](]()
))[)()[(
((][])]
()[]])[)(
)]][)()]
[(()((]()
)(
(])([[
[)())(
(())([)](
[](([
[])([]([[
[)()]]](]
((]()
()])[]
]][
))]]
(
((([([[)(
[
[))][[][)
)](([(
(][
[]]))[
[][))[
(][])[[(]
)
)]([][[)
][(([)((
]]))(
][[][]
](
)
[(]])]])[
[[])[
(
)(])
)
)(
(([[)())(
[()[[[(
)[[]
(])[)[]]
([)((](
(
[((([)]
[[]]])[[)(
((((])[(
[)([]((]
[[
()(((][
([)[
)[[
[]((((
)
(((
([)
[
])
)[])(
]]))]())
[]])([[([[
]])[[
[](()[[))
(][[
)()[)[(
(](
)
(][)(
[)
][])
)))(()(
](]([](]
])([[[(
)))[([]]
(
[)(]))(])
]]([)(
[((]))
[)[[(])
[]]()(
((]]((([
)
[)[]][
)(([][[((
((]()][)
](][[(()
)
)
[[)
[]][]
(([)[(
(])[)(]]((
])(]])[[[[
[[(]]]])][
[)))]](])
[[())(]]]
(]]](
((]])([
(([
)(]]]))][
(([[([
[([)]
)][(
]])(][[)[(
)(
()[(
(](
)[])][(
)[[)[)(
])()
])
]][
])[(
)])[
(])))([[
[[(]
[
[((([][(
[)(](]][)
[]][])
)](][[(
()[]]
[)
()[([((
([))[)
))
([()[(()
)
(()(([(
][
))()()
[((])]]
)[]()
([]
)[))[[(
((
([])))
[]])[
))[)([[[[[
[
))[)[(]
]))[[]]]
([)(()[
(]
])([)(]]]
)
]()]])][)[
]](()[))()
((
)[([)(()[(
([()[((
[])
[)([]
)[]))(]
)[
][[()
]
]))[[]][]
[]
]])])(])[)
(]]
[)[[[[
]](][)][([
[()]]
))[])[
(([(]))
(])]()[]
(
])]
)[)[()])(
[][[(((
[)
)[((([](
)[))
])](
))[)))
]])]]()])(
[[(]()[](
[()[[[(
](]))[]]
][
]]
)()[]()([)
]])]
])[)[)[(]
[(([(])[]
)(((]))
[[()(]])]
([)()[)
)
)))(
()(]
)[
(([]]
[[([((][]
))((((])[[
))([][(
([]([((][
])))(][[(]
)[))))][
[[])][()
()(][[][]
[(][)])
)([[))(])
)
[]]((
[
(]))
[](]
[
[])([()
)[(()([]
]](
)(
([[
(])][)(]
[[])
(](
]]((
[(()()]
)])()(
)](
(
(([][(
[))
[[()[)
]([((([)
)([[)[
)[(]])])[
[](][][
)]()])[
[[
)(][
[)(]
]))
)(([
]([(
[)]][)]]]
)[)
(([)((][[[
(]
[([]([))([
]][()[[[))
]))]
()][()])[
)][)])]]((
)[])]()
]]([)[(]](
][(
))[](]])
[()(
))]]
[)
(]])][
)]])](
]]][[[)()(
)]((]]]
)[[[)
))]]][[
])[]((
[
[)]][])
([[(((
([)([(
(([]
)(())]]](
()
)(
[))(
()](([((((
)(
])[()[
[](
)[
[)()
(][]]
](
())()
]](([
(())
]]][((
])
]][)
[)())]))]
]([)[[[
)[[[)[]))]
]
[)(
[)[](
))]](])(
)[)(]]
]([)((]]()
(
(]))(
)][
](
)))((
)(]][[](]
]]
)))(])
)[[(
)
](])[
]
)))
([([][]([
]()[)([
]]])[[[
((()[)[[
]
()[()
()()))(])
]))()
](([(][])(
])[([[
)][
(]])([(][[
([)))]
]][))]
([)]
)
([[([
([([)([)[]
](][]
)[)(()]
))][[]
)))()
((]
])[)[
(()]]([[
(
[()[]])
][]]])[][(
[)
[)][(([
)([
)(([()[])
[[)
])(][)
]]][[[)
(
]
[()(]
)(([[
]])(()(])
[)
][(
))][([[
][(
()][
([)[]([([
()[][)[[)]
)[]))
()[())[)][
)])([
]]((]](]]
))]
]]][]]]()
[
][([)))[
(
)[(](]()
(]([](](]
]][[())(
[
[])])([(
]
)][]])
)()(]((()]
](())[[)))
)
(]]][)][)
]((([])()
[)[[()]((
]
])
[
(
)[
](([[[[()
])[
][((
)][[]]]))
)])))]
(
]]](])](
[[)
)][(
[([[][
[))()]]
[([
)))))
[(]][(]]])
]
(((
([)
[[]
[)][(])(
(][]([
]([([)[())
][]])
[][
))[[
]][]))
](][
]((
]))]]()[((
[])(
))
)([
)[
[)([))(]
])])[](([[
)))
)][)
([](
)
]]
]]()]
][[](]((
(]()
[)])
))]](]))
(]
(
]
[
[[))
(()[))])]
[[(])()]]
[[(
()[[[)[(
))]]
))[]))(
(]([
]]))[
((()]]]])
)]([[[
])][)]
]))(])
(((
[])(]))(
[[)
[())]](
(
[
](][])
(()((]]()
][)(]]()[(
)()[(])]((
([]]]
[[]())](
])
]]])
])([])
(])]
([
])[([
]))]([
[([])
[]][]))((
)[]([()))
(
[[
)])])]]
()))]))](]
((][()
])
)
]))(
(
)[])([)([
]([[[)(([
)[[
)]][))
]
]]]])(]]
))]])))
]()))
)([
()
][))[)[[[)
](
[()()]
(][[][))
[())])))
(]
]([(]()
[((])]
](]]()[([[
])[
][
(
([]
])][
[
(((][
)]][])((
(
]((
()(([))(
][]]]
]])[](]((
)(](
)]])]()[)
(][]()([(
)[][]([[
])[(])
[[(([)[]
[
([)[])[
(
(]]][(]
][)[))([)
[])
[(
])]]((]
])[)[)
(]))][[]
([()])))(
[
)))[(([
)(
))[]
)([]((](
)][([)[]]
][)(]
[()
)[[
])(
[[(]][)(
](])(]]([
)[)]])[
][[[][
(
[]([
])
[
[)][])
)[
((][(]]](
[][)]
[(]
[([][)[)]
([[))([
(](
]])([((
[
(([
[[
])
])[]][](
[[(
])(]([)
()])[(
]))]](
[)]]([]]
[[((
])([(][
[](
]))[([))[]
)[
]](()()
]([
])]
[([[]
()
([
]([[[)
)][
)))([]
()(([([(
[[(]([()(
))]([]]]
()(])]([
[[)[)]([[
)](
()
(()]()][]
(()]((
]][)][
))[([))
((][
[)))[][(
(
[(
][[[(][[
])[((
))(
(][)
(]][[[[)[
()]([)[]
])[[[[[]([
(()[]](]
]()[)
))])([[
[()))])
[)
))[[([())[
)[)
([(
]
)()[([
()])))(
()[
[))(][
)
[]](([[[))
(()][
(](((][[
](([)][[]
(])[)
]
)(]([((]
([]](()]](
])((]
[(]))
((]])
(]()]]
]((())]
(](]
]()[([
]
)[]]
[[
])
))
[](][
([)[)))
][[((]((]]
]]([)
](][[)
][[)
][()
))[)][)[
][())[([(
]]]
(([([[)[]
[[()([(
)([()(][)
)]])((
([)]]]]
]]
()((
[(]((]
(][
[](]((
)()]))[()
][)[)((
([)
)[
[)][
]][()]([]]
))][]
]]]([])
()([
((
]
([())
()][[)](]]
)(
][[))[
)][([
)[([)][[][
[[
()(((()]
]])]](
))[]]]
]](())]
][[()[[
(]])]()
)[[(]]
((
]
)][][])))
))([)]]))
]()]][([)]
)))[))(
][[)]
[[
(
]((([()[][
[)
](
(([)[[()[
()]
[([[[(
()(
((][
[
[[]]()[
(](])])([(
[[[[
()]](]][
[)[[
)[(]()])(
(](]
[
([()[)[))]
])(]
(]()(
[[)([]))(
)
)
)([
(][(][
)))][()[[)
[[
]]
))](
][()])(
[(
[]()
))[])]([]
))
]
))[]()
[(]([[([()
)((]))(
)[]])[)]
][
)
((
(
]])]()][[(
)][](]]][)
[])])[(
)])]]((
[][([])(([
((]]
([])
]
[](()[][(
]](])[](]
]))(])
([[])[[
[]]]
))[[
][(([])))[
(
[])
)][)[)](
[)][(]]]
[[()]
)[]
)[)(()[]
]
[])[]
()](][]
]])[)[
()())
)
(](]]((
(]))))
][[
])(][)(](
))(]]))
)[[[[()]
[
)[(()[
()])]](
[))))[])]
(()[][]))]
(]
[[[[
[
((]]
(])
()())])
[)((
((]]](]())
((([]]
()))
[[(([
[]]
[])[[]
))([)(
[)]([)[[
)((]))][[]
([]]]()]([
()([([[)
(([()]]][)
[[])][[
)[[][)]
((])))[()
]]))))
)(][(([[
])()()[
)
)
[)][[
(]((])()(
)
)[)](
((]][(([])
[))(]()(((
)[)
[]](
[(][([][]
([]
(][
[][[(
[[]
[[
))
][[()][
)()])][[)
()])(
))[()[(][
[((([[
][((([(][)
(]][(])[
(((][([
]([][((]
[
]([[)((
](((
](
)([][)
)()([)
[))))
))[)][])
][](
[])[(](
()(
]]][)][[]
]]
)))](]]
)]]]]](()
[[((
][
[]]])(([
())[][]])]
(]](
[[)[[((
(()](][)
))[]([)]]
)([([
(]][
[)](
])
][
][][](
))
))))](((
]](])
([[[)[)(]]
]([))](
][)[(
[]]()
()]])(
([[)(()(
(
])]])[((
[([
))[[)
]((]][])((
](()
((
[)(
)]([[
[[])[
][[)))
(]][[])(
]
)])
()[][)
))([[
)]]]))
])[([()
)
]]((])((](
][][][
)](
()))[([]
)(
(]
)([)[]([](
)
)]([)(](])
[
[()](]
[)[[
))][))
([[[[]
]](
])])(
[[[)
)[[)
)][)(()
]((][)
]
[[(
([)])()[
](]])[
(]]()[
[)(]
))]]()]][
]][[[
])[(][
])]((
])
]]
[]
[([[(())))
]]()])[
[([)](]()
[(([[
)][[)]]
[)))])[)
))[)()]][
]([[[))
)()[([(
([(
[)()[(()
))[](])](
])(
]]
([)
[])])]()]]
](([[(](]
)[)[)(
)[[)]
)
[(
[])))(
)[()((([[
)])]])[(]]
[)[[]])))
[]
[())(()]
(()
[([])][
]
(]
[[)
[)(](((][]
)
[][)
][))][)
][][)])
(]
[[
])[[[[]
)[
[)(]
[]))[()()]
([]
][((([]
()(([)]
[][))()][[
([]
)]](()
([]([]](]
()))
[]([[](
))[[[]((
)([(][])
)(([]))]])
)((](
]
])
)][][)[
[][)]
][[
()[(
][[[(
)]))]][)]]
)(()
]([[]
([[())
))[)[[
)))
[
))))
[[)(
))
])[()[
[)[)])
(]][)()
](][)
)]()(][)
((])[)()[
(
([[[)([))[
](()[](
()
]
]])
[[[([[(
]())[
[
][)]))[)
])
])
([)(([[)][
]]][([)[()
]([[))]]
[
)[([
)
])()(])[
[([()(
)]
[(())(]]
()])][(
)[(
[)]]]
)][
[
]()()
]()]]([
([
)))])])][
())(
)]()()()](
[[[))(])((
(][(
()([([
(])
[)
)[]]((
][
)[(](]
[
]]][[)
[
]]([(]](](
[(](])]
[[[)
])[
][]]
]()
([)]))
[))(
][([(
))[(
))()]][
)][(((
]]][)[][[
[]
]([([[)
)[((][()
[](]())
[)))])(
[()][[[)(
[()]])[]
[)
()
]]((((
)((((([[
))]])[(
((]
)[])(]][
]]]][[[(]
(])(((][
[))]]
()(][
]
](])((]
[[[)()[(][
))([([]]])
)()]
)])(]](]
((([([[[
](()[]
(][[))[(]
()[
]()])[(
[[[])]
(
[)[((]
())][[]()[
]][((]]
))[]((])]
)))])((()[
)]]](]
(([()]((])
]))([))
](])(((])]
(]
)
]][[])])[[
]
)))
]([(
][[)[]
([(]()
][[(()]([
)])())]
))]((
]
)[((]))(
[[](
](])()
[()[][]([)
[][][((
(
[)][((
[
([]]
([[[(((][
([[(]]((
)(([(])[
][)
)(][[(
))(]
]()()[]]]
])[
([])[]][](
[[))]
[])])]](]
[[(())
))]([[][
][
])
)[)(][((
(][(
])(()(((
)((][)(
][(
)])])((]((
(((([[(())
]))([[[[)
[(
(]])
(]
([
(
([)[(
[)
)()
[()(
[[][)])
)((])))[
()([)
(])))[(
[(]])[[(
)[))[[(]
)](][])
))
)[()((((
)][((]
([((
[)](]]
(
([))[))))
)[([]][()(
(()(][((()
[)]][))[[
]
[
][](
]]()(
][)(()[)]]
]]]([
([[[
[[))
)(](()
))])(
(](
[[))[
[])([[))
][[
])][[)))]
[[][([)
[[()]((
[
]))[(((([)
(()[)[[)))
)][()((][
()
)][
()(][()]
)
])()[()
]])[]]][[(
))[[)[(
[[[()]][
[)])])](
[(([())]](
[[]
]]]][[[)
)
[[)(())
)([([
([][
(
])[
]][(([)[[
][
((]]][())
[[)
)]((][[]]
((][[][))
)(
)][
]))[(
])(
[)((()))[]
[
[)
]([]])[
)[)[[]()[
(
))((]([
[)()(((
[]
[((]
]]()]](()
([])
[[[((([
((((()
]][[([))
()]]([[()[
[[[((][()]
[])][[
(()[])(][
(]))])(((
)(])][(()
[(](]((
())([]
))])[(
][([]
)]])(
([
(]
)[(]])](
([](][][([
()
[([[[()())
((])
)(()((([)]
[[))[[]
[)(]])[
[]][[[()(]
)(]]][
]
[][([[)[)
)
(]
)]
)[(
])))[)[()(
(][][]()
][[[[)[)((
[]])([
)(([))
][]])
[(]
][
()
))]]](]))
)()[]((]
[[[))][([[
)[[
)]()[((
([
(
]))()()(
[
[[))][
()([]()(]
(][[))[[
(([)(
)]][
[()[([
)([[)]][
])
])])[]
[()[[(](][
)[[[])())]
))
)
()]]
([])()
[((
)]][)
])
())]
]]](
[))]
[((]
)
)([]]][
][((
(]
)]())](
)())
])[[][]())
)
))))]
]]()((])
]
)[((((
(][([[)([
]()[([
[(]]
((])[
(][
[[)(
)]]
[(]])])]
][[])([])
]
]
())[(
[))
]
))](([[()(
[]]](])
(][()(
](())]]]
[]](
)(
][())[
)[[[)())
(](][[)[)
()([
[)]
]
()])
(
((
[][)
)[[(([
(
))(][
([
(
[)(][
)[)((]]
]([]([][()
(((
)(](([)]]
)
[)(
)(((]
)()
[[]][[
[]
((])((()
[[[)]([(])
][]])()[
[)[((
()][]](]]
]]]]
]]
][]))][[)
[
[)(]
]])(
[[])))()[
))(([)]
(]()][[[[
]))[(]()]
()(
()(])[
]]](][)
][[))]((
[]([)]
[)(
[[)]))[)
]])))))[
]]]])
((
]]([))
)]]]
[]]((]((](
([))([]))
]([][]((
[)]
](
[[])]]))]
(
))
()())
[)([(]])
[(
]
(
[)[[[)(]()
[])([)
[])[
[]]][](([
]))](])[])
]
(
))(
[[()[
]
))[()[[)
(((])][)(
)[))
()[[)[])
(])])(]([]
)
[[][
(])))((
(
])(
])([[]()
([[]][[[)]
[((][
](
()
)(]((()]
)]][
[(([]()
][)
]((((
]
]
)([)(
[)
]]))
)[
]
))([][
)[)[])[][
)[[[
(([[[[
()((
])]](()(
)(])
])
](][[[)][
]](())]([
[][)()[]]]
])[)]
]((
)]][[(
)(((][[[]
]]())(
])[()[]])
[)])](
[
)]]][][][)
[]
((([][((
[)[)]
(()
][()((][)(
()
((()(((])]
)[(([((
](()())]
[
(][[[
[]]([
())(]([)
)((]
]((((
)]([)
[[
)()
])[[(]])(]
)))
)]([)([()
))(
)])]
[
[]
[[]
)[[[((])
)((]
(([]][])]
[[
()](
(
((
[[](((
)]][)(
]))](
[
[[[)]))(
](]([
([)
](]][([
[[])]
[)(
)[))[][]
[[((
]]]
((([)()[[
[[
)])))[
(
)((]
]]][[)[](
[[
((]))[)]]
)))[])]
[(])(
())]))(
]][]()]))]
[][])[([
(]
())]](]])[
[
)[[]([
(())
())[[)[(
(((([](
]())]
(]]](]
)](](]
)[[
([](([[[(
][)(])][)(
]
)
[)(
]][[
)[(]]()
)]][([[)([
)(])]])[()
[(])])]
])]
[[([((
)[[)()]
[[))[)]
[)]()[
](((
)
)[
()])][)]
[[()(([)(
)[[[[(]]
)([]][])
([)
)[])(
((((
())[])][)]
((
)[
[])][)])[(
[]])()[[
()[((])]]
])(]]]
([[
]]])[[][
)[(][[[]
[](
]]))[]
)[([[([
]))[[][
([][[]])
]()[
()(([(
([()
(](]][][]
(])]])[(])
(][](](
[)((([()
)(])
((
]]]
)
))][)
[()](
((]](
][(]
)[[[[)[))
))(]
(]))])(()[
)]]][)]
[(
(
))()]
)
(
(()][
))]))]))
)
)([(()]
)]])
))(]([((][
([[[((
()
][([[
[)[())
][)]))(
](((
(]((
)
)()]]
]](]([(
])]
[])))]
(()))](
]]()][]
()[)
[][
())[)
]])
(
[([[])[
([
)
)(])(][[]]
()([
((
]])]]
[[
)])([[
(]]())]
)[][)[])
([
[)]]()]][]
][)
(]])()[][)
(]()]][(([
()([]]](
)(((
(
[](([(([[[
)[])(()]]
]]](
]([(
[][]([]((
])))[[
]][
[(]))()[
)]]](]
][
[]))[()
[[(][)])(
]
[((][][]
[[]])([)(
(]][)()]
)(()
[(]([[[
(]
[])
[)][]])(
([][[][)]]
]()[
))]()
())
[(])((
[][)((
[(
]))[(
]])][[
(()
))
]))
(][[]]][
[[)][
[[][]
([]])(](
[(()((]
)([]((((])
[()[][
]
[[)])[
)[[)[[])
)](
)[(
[[
](][
()]([[((
)))(](([[
([)
()[]
[[][(][]
[[[()](((
[
)(([))
(][((
[][)
])]
([)[(]
[([
[)((
[([)]
[)][(()
)(][)]
)
([(]
[)]
)]()][)
([
[
)((]
[](][(()((
[([[(]
)]]])
[))[)(]]
()([][[((
(][)])(]))
(([[
(())[)[
)))))]](
([][]]())
(
)()))])
[(]]([]((]
)][)
[[)(][[
([]
](][]])(]
)]])[([
))[)([
)[)(][][
][[[)[()[[
][((
][
)]]
[((
([
((]()
[[())[)(
))([
(])([(
]([)((
]([(])
[)]]())([
(
))
[()()[[[
]]
)))
()
[(
[
))
[[)]])])]
]
([]]]][()]
[(
(][]((]]
[[]
[[
)(][]])
]])[][
)(())))][
)([)(
[))[(
[)()]][])[
)[)[])(
)
([[
))])[](][]
[](][
[[])[[[
)])
(])[
(]
()[)()((([
(]
[))
]((()][(
]][]
[([([([)][
]])[
][)([(
])([([
([[]
([](
[[
)())(][[(
(((]))))(
](]([)(
)[[(][[](
()])
((]][[)]]]
)(([()]
])((()]())
(()]
)[)[()[([(
))[)(
[())[[))
]
][)((])
))((()[)
)]][
([)(([](()
(](](
)]
(]
[[])[)
([)]([)
]))[])(
)))
])](
[([)]]]]]
]])
]][][[)
)((
(([](]]))[
](
((([[([][
()
))(]]]
([((]]]
](]))[[])
)]])(
)]][][]]
]])[
[
])((
]
[[])(
)(])(][[](
()((]
(]][]](
)[)([))][
])
())
([(()]
)[
)
([)()
)]()()]
)[[[[)[[
)])[(
)(]()[[(
([(())()
[][
)([))[()
][()))]](
((
]()[
)([[(])[()
[(])((
[](]]()
)((]])][]
[[(]](
[)([(]()(]
[
(])])))(
]]((]]]
[(
([]])))
([](]])()(
[()
[(][)][[[)
))))(]])[
[)([()
]
([[][)]
])[](](]
([([[]
]
[(([((
]))[([
)(
]([[
()()
)
)]))
[[(
])[([)]
(()(([]]
)
[(([])[[()
[((][[]][(
]][[
(](]][))
]
[[))[(
]()((])(
](](
)[)(([
[()((]
)
([
[()[(]
]([[(]))((
))[]))
][]))
]
((([)()(]
][()])[]
[()()(((]]
[
]))]
]](][[
)])][](
[[())(((]
((
]])
([[)()
)([
]
(
[(][[[[)
([])[
]]][
[()[[
][
]])
)[(
]((](()
[)
((][[[(]))
)]([([
[[(][([
])[]
)[])()
([]))(([[]
)]
][
)
[([([[())(
))[)([(
[[[()(
][[)[[)
)([]]
(]
()(
))]
])]))][](
[)][[(
(]
]])]][
)(]][)
)
[[[
))[([[[
(])]
())(()((])
)(((()
)(])]]]]
()[[[))
](]][([(])
))([](
))(
)[[(]())[[
([)][)))])
[)(](]))
](]][[]
[)]]][(
)[)[[)[((
)]([)[)([
))])
)](
[()]
])((
])]][[))]
[(())][
[)[[[)(]
[](]
)(])([([
[)[[[][)
)(([]
(
([)[([]
[]
])))]]
([][])
)][(([)]](
[[[(]))]])
](([]][)]
)
[((]]()(]
[)(]
](][)
(][][)[))[
)([)[([[])
(][][(
[())
(]))(
]]][])[()
(][)]]]((
([)[([])))
)
(][(
]
]][()][(([
]]))(
]]()]])[
[([))
][[[)
[(][]]())[
](
([(((])(
])[[)][
]])[)
][]]
(([(
()[(
(
)(]([]()
)()[)])(
[)([)([)
[
][][](])]
(]]((]
])[[
))))][]([(
](]
]()[
()
()][(]()]
[()[)[)]([
)]((
)
]
)][[
]]
(](][([(
](](
[)[((()
))(
)][[)(
((](([[[])
)[([)]
((]][]][[(
[())][]]()
([(]][)
[)(()
(([[)(
[[[((
[([[)((
[[])[])
[[[])[](](
(()]()])
[)](](]]
[)[]([)
])([()[)[
((])[[]
)(](
)])(][(
()(](
[[)(((]
)))])[[][]
)(
)(()[(]
()(]
[
][[]][)(]
](][])(
)[]
([
)[[))]
]])))
)][[])]]
(])[([)
[(]))][
[]][
])[)()](]
((]]](]](
[)[(][)[(]
][)(]
]
)(]
[][][)[[
()][
[)))([])[
][()
[[[][]])((
)][[)()(
()]]))
()((]))]
())))]])
(
()[(
][
[(
]((]](]((
[()]
(][[]][)[
[)](][()
[()[]([
])))])([)]
](]])()
)(
)(]
(()[)[)
[]]
)])
((
((()]])))
)()[(
[])
([(
[])([)
[](((
)
([[
]((]]
])]()[((
([]))[]])]
()]](]]
[]](([((
]]
[)[][))
)[)([]]][
[()][](()
[[[)[)
([]
([[)
((([
[][)])
[)))
)
))][([))
)()[(][[
([](()[]
[]
)(][)]](
[[[
][
](][[
))[
]]]]
([
[(([()](]
)[[]
[)]
](][(])](
()(])[[][
)][()])()
)[([]())
[[][])]
[[[])))]]
((]([
))]]
[
][)(
]]()[[
((
(](])[[)
])[[)][
()[]]](])
][]])[[]
]](
([[[((
[(((]))]((
)[[[())]
]())]([(
][[(]()
((
)(([[[]]
]][)[]]
]]])[
]([)()]
()](
)[]][])))
)[]]()(]
](]]([]
)](
(])[(
)[)[[))[([
[])]](
[(([
)))(
[))))
)[((
([[[)
[[]
][))
)](][]))[
[(]([((
((][(
([
)](]]
])[))[(((
)[])
)]
)[[)[
]][])[[]])
[
][]]]()
()[([[[
)
]]][]
[(
(](
[
]()[([)[[[
[])
(
])))][
)[[)((
[([[
(][[)](]
)]()[]
)[][)[]]
[(
[)([))()])
[[(
)[)
)(
[([(
[]((()
)(()(][
)])
]
(
]]])[]))
[[[)[]()
[[
)[([(
()[
))
)(
)][)(][[)[
()
()(]()][
)][)]((
([(())[
(
[
)((
()[
[)()[]]]]
]([[()([])
[]
((]
[](
()])
())[
[[)
](]]))
]](()
[([[][]]
([)][))[(
([(()]]]))
]](](
([([
]]
][([]([[[[
[]]()
)
]
)()([[])))
]]([[])[(
[
]])[))]
[
)(][[(()
([)[][
[])(
(([])[(
)[()[)]))[
[()([[](]
[]
])][([(()[
))((]
)(
(
()([)))]([
(][]])]]]
()[]
])
())]][)
][])()([((
[)[][))]
][)[]][)))
((])()]]([
()[[(((]]
)))
][(([[[])(
[(])[[([[]
)[))]
]
]()(])
))][
]][
][)[(][
)()
)[[[]([[([
)(]]
)]]))[]([
[[[)[
([)[)[]][)
][][]
)(((][[)((
(([(]([
](])]
([
[)])([)[[]
[)[[)](
)]])])
](((]]([)
)](
])]
[[]()](
([[(
))([]
)))
()
[])([(]
[
[())
[]([[
()([]
[])[
[
))[(
[])[]
()[](()[))
]
[))
((
[)]])]
][)](]]([(
[)][())
]()(])]
[][]][
(
)[((
))[([])[)
(
(([(((
(](])]
()][(])))[
)[(
[((](]]]]
(
[()))(
]))(([][
[
][])])([)(
(]()((]
[[
][[((])[)[
)[()[(
]([)()([(
[([]]]()(
[
](
(()[(())
([(]](
)]]]]]
)(
[]][)]((]]
)
)()[())]
(]
((([]()[[
[)(()))
([
[)[)]]
](]()]
[)(([[][)
]
]([]))(
)(
)))
]][[[
](]]
[[)[))
[)([)(
))[
]
[[[
)(([)]([
(]][[[[)
[
]]][](]()
)
)))
())](])])]
[]](](][([
[
([([(
][)[[(
]])]
(]]]
[)([])[)[)
[[)[
)]([(](()[
))(
[](
))[
([(([[)[
[[)
)[(][))(
[[][[(]][(
)]])][((
)(([])))[
()[((
(](]
[])][]](
(((]
([([)][([
[]((])
)]([((
]])[([)])]
)](((]
]((](]
[)]]
])()[
[])([[[(()
))[())[(]
[[((]]]]
]
[)](][)(
(]
(
]]
(][)][])](
(()]](])(
)]([][
]])[)][]]
[)])))[)
[[)()([][)
](])
([([)([])
)[
)]))(
(
)
(
(([[]()][
[]
]([
[())[(()
]])])()
((([
)[[(
[([]
]]([
(]()
][]))[)[(
[
]))[([[
]
))]([[
]]((
(()[[
])(]([
]][
])])(
][)(]]
()(()]()
))[[]))[)[
]
(
[)]
]][
](
((][(
[
([)][[([(
[)[(
[][][)[[)
())(([
([(]]()[[)
]([[[(((]
([()[))[
)([]][
))[()][]
[))]
())[)[]]((
[)(
][](()[]
[))
)
]]
]))[])
])]
)[]
(]
)(]](])(
(]]()
)))]]]((
)()(][(
[(
[(()[)(
))
]]
[[)()[[[)
(]([[)(
)[](([(
)[[]][]([)
))((
]([))([]
[(
[)[[](
[
[
[])[(()
[))[([
[
[][[)[])[(
][]
[[)])
[]][]([(]]
]]()[(
][))
[[(()(])]
)
((][][
()(][
(([
[][()[
)])]([
[](][)]
)[)()[[(
]][]]][[[
[])[
[)([][
)
(((((
[)[[))
)())[[
(]]((([[
[[])])[[
((
)][
][()][
))]]([()][
]))(]])
(])()
(]]
])([[]
)[([())
[[)(][))
])([[)](
](](()][[)
][[(()
)]()[)
[[))[(((
)[()]))
(](([[(
((
[[
[(]
])
)]))[))()
[][()(
])((
(
)([)
((
](][[[)[]
[
)](
(]][((])((
[][[[)
(([[]]]]()
[))(([(
)]]]
)]([]
)][]]][))
[())]][())
)(]](([
([)[))
])[[([
(
()]]))
(]
)
][])))[]((
]]]][
[][(([])()
(([((](]
[]][)
]())(
[))[((
[[
])()]((()]
]](]
(()(])([][
()[[]
]]))
(
))[))(([](
[)]]
(
]](
()
([(][)
)]
]([[)()(
())
]]))[]][
]())))
[[[(
(][]))][]
)][[[)]
]](][
](])]]
[[]])]][](
(())((](([
[[(]]([
)])))
)([
[)
][()]][](]
(()])[[]]
](()[)[]
])[
)]())
()]()
))][
[
[)
(][][][][
][))])][
]
)())
[]
(])[])
[]
())[
)[
[)](()
)
((
[()
][[[()
()([()])
)]()[]([)
)])[[]
[
((([]()(
[([()[))
[])
)(()[]]
))([
)([])[())[
()]
][((][)][
](
[()([])](
]][()[[]]
((]])(
)])[[)(((
((]
)][[(((
)
[[)
[[
)
]][)())][
]]][
])
[())
(]
(
)]](
]()[]()]]
])[
]][[[([(](
))
([
)(((](
[][())
][
((((([[)
[][
][
)
(
[))]
[](
[]](
[]]()[)))
(]]]][()(]
[]])])((
]))]])))[[
[[)((
])]])[
](()
[]][(]()(
[()([)(([[
)[
](]][)((
](]
)[[[)]
))])](
(])[
)
)
[
[)()
[)]()([
)[]
[(((
)([]([)
])[)(
([)(
(()
)]]]]
]
[((]([
[()()]
])]]][([(]
[))]](
[][][()(]
(((([]
)]])
(([][]
)()[))))(
))([)
[))]
](([))](][
[([)[[
]](](()
)]]([[(
)]
][[))[][[
[)
[]][)
(((]]
)]
])(])[[[]]
)])
[]((()][
[[))
((]])(
([[
]([)])[[[(
[]([)))
]([
)
)(((
([)())]
[)][[
])([[[
[)[[
]
)[()[
])
](
)[)
(][()
[(
[(
))
([[([[
][)]
(]([]
]((])
)())
[][[[[
(((])
((
]))])[))(
)[(
[())([
[)]((]
([
))([
]]()[[)(])
]([[
)((
())))()]
)[])(][
[]](](]
[])
[))]]][]
([)][((])
[]))))))(
))])]
([[)()]]]
]]])[)]()(
](])[]](
]]][)[
](
)()(
()
)(
]][((
)[(])[[
(
)
)(]][()]
([(([()](
)[(](]
())]
([()])](
]])[)(])
((]])](](
()]][[
[[
)((([[[
(][([()
]]([))(
([[)
]][))([[
]((][]())
)][
[)(])[
]
))]]]()][)
]
)]([())]
[)()[[((
)()](]][[)
[])[((]]
))])])[[
[
((([[[(([[
])[[()]
[][[][()((
[[(])[[[]
)]()(([)
)]
]))[)
](()[
(([
)))]
(
[](
()([([])
((([)
[(
]((])([]
)
[)[(
((])[)[
)]][
)[])]()
[))()(
(([]
)]
[
)]
(]
][(]))(
[()(()()[
))]
[([([([)](
](([(
]([()(()
[(]][
)([
(
)[
[)
(](
)])][[
]])([)((
)))])(()]
)])((]]([[
)[[)
))[))(])[)
[[[[)[)()]
)][
)](]]]
((](()[)
))[][[
[))
)([)()
[)
))[)))[((
[([]]]([
[())(]][[
]]]([[)
][(())]]()
](])[]
])])])[(
)[
()
]
)]][]()
])]])[
][(
)([[[()
[]]))]
]([)
[
])[[
)]]
[]()([)[[]
)[([
][
)][](
)
])]][
)[]])]
)(
([)(
]])]([((
((()[
]](([
((]
[](
][([[)(])
))]))))[
[)[)]
)[[])])[))
()]]
]]
()]
([
]
)(([([
))[]]
]([(](()]
(
[
](((
))[])[]]]
](()()[[(
)])[((
([[]
[][([
]]][][()
(]
)[]))])
)]((]
(]()]())([
])([[]]]
(
][(])))[(]
[
))][(]([
[((((
(])
[(((][))
]()[
(
[])(][])
)])(])
(()())
[([][
][))]
()()])[
)[[)[[[((
[)))(][)
[(][
)
(][[(
[)(]
](
[)]]([)[
[)(([]
]])[([[)
][(]]()]
[)
()]])[
[())(
[[
]()
(]([[[)[
][[)]([
([[
])][)(](]]
()(
]](([[)
[][)
[)][)[(
]()()[
[[()()(]])
(())(
)(]]))()](
[]])[
[(])[)[
]]][])(
(
)
)
[][()])(
[)]]
((((
)[[](()(()
(])]
((]][[[
)(](
[(]])]
(
]]]])[
[)((][[(
)
]](]((])(
)(]([
])]([(()]]
]()[()]
))([[([
)]]()[[(]]
[[]](
]])(](
[)[))
(()(
)(
([])((
)]
)](([
]])]][(
](][(]
([]
])](]])
[))())[])[
)[)]
[[([([
](()(][
(
(
))[))(]]
[[[[][[[((
(([[[][]
))]((
(]))[)
)[
(()
][][(([()
[[)()()[(
)[))]()))]
)]
([[[)])
[)
])))()(
)(([
[((]
[[]([]())]
(][
(((()
(
)()]
[[))]]]]
])(][([(
()))](
[([))[(]
)][[][
[])]])[((
((([()](
)[(])[)([
(])(]]
([[[[][[)
]]
)[][(](
))(](
]]](
(((
)[]](](
][]
([(]]([
]])[[)(](
(
())))
([]))]
]()])]
[)
]]
)])
[[([]][)[
))][
]([[]))[
][
(][)[
](]
](]](
()(
[
)(
])[()
]([()]]
([([[[]((
[)[([])))
][[)((
(
)]]
[(())[
)([))
())(((])][
][)]]
()]())]](]
))]]][(([
[]
)[))[)]()
)[]
)][][[))
]()][[]
])]
([[
)
)][][[(
[()(
)
)]()
[]
[[[[])())
[(]))]([[
][((]][[(
)]]]][]])
[]))[[
)(
()]()([)
][])[]([
]([
()((]((
[
[[()))
[)]][[][
((]]][[([
)[(()(]()
([]]]]
(()([]([
([)])()[[]
[)(([[]
))[((]](][
[)([]))][)
]])[([]))
))]]][
]((
)(]])]
)][[[()
((()()
([][))((
((]
[])]]
(([)[]
)()))[[((
][]])))(
[)(())((]
]]]((](
)]
]]]])[][)
[[
)[(
[)(]
(]([(([
(][()
[][)(
))][)(][((
]([])[)][
()(([)])
)[)(][
[
[(()[(]
[[[][[)
][](]](()
([)]
[()([(
)[))(][)]
[[]][
[))[)(][(
[))))[(([[
()[()(
(])][)
])([)((
[]]((](]
[]
)](])]])[
[)[((])[
)][)[[()
([)][[)
][(([)
(]
[)[
][(]][
[(()
[])[()(((
([
(]([(]])[
([(]))[]
[[][[](]((
])
]
])]
][[[)))
)])[
]][][])[)(
][]
[)]
[((]][]](
]((()()
[)[
)]([)[]
)
()[(][)
([([[(][
[(()]])
()
([(]()][))
([()])[(
()[
[
[[()[]
[)][][]
]])
[)()](][)[
[(
[(()[]])
)(((]
]]])
]
(]()])])]
)((]]([(
]]()([(
]]
)]])
))[[(
])()
(][([(]]])
)
])[](
][())])]
]][[])(
[)][(]
()[([[)(
()]()
)([](
()]]
][(
][)[[)))
()[]][)
[[[(]
])])]]
(]
)]])
]][[[)[[][
)))([))(
))
[][][[]()
[](
)(]]))])
([((
()()](
[(][)[
)]))]
[[])))]
[[[[)([()
)(([[][(
(
)
)[][(]]]]
[[
()][)[))
)[[[(]]((]
[())(]([([
()
(])][(
[]((([
]](])[(][(
[]](]]
)[[][(([](
[(]
[
[][()()(((
(](]]]]
[(]]]
)])[)()[(
[]())[[))(
([)
])[[](
](((][)](]
[]((((
)(]
])
)([[())(]
()())]
(][])[))((
][](
)]][]]
][](](]
]]])[[
[
()
]
](]]]))([
]()]])]
[[
()[]]([
]]))([
)
)(
([)[]]](]]
(()([)
(()])
()][(([)))
)][[)](][
((]([]((
][([))))
]
][
])][]])(((
(()(
([)(
[]
)[]
([[[[(()(
][([(][
(([]]](][
)[[
][()]((])]
)([][][]([
))])[[()]]
]][[[][)[
(]))
[)
))(])])][
]]()]][)
[]]
[
[]((](
)((
[[])[][]
[]
]
[]]
[[[)[)
])]]
[()())
(][)][[[
[[]]]](]
[()
[))[(](]
([(()([](
()]()(
](
]((][
(](](]
[[)
(]][)
())
])
()[
](([]))(]
[[
)[])(
)][](([]
]][)(](
][
)
([[)[))[
][()(
(]][()]()
(]
[]]](](][[
([[[)[()[
)][)((][
()([)(][
())])
]
([][[
([()]
[[()([)[
[()
)]))))
]]([
))(
((()[(]])[
[)][)[]([[
][))]
][
(][
[)])]
[)((]()]]
((])](][](
[()
])[
][([
(
](
[])(])[
)[])()(
]()[)]([()
)(([(
)(
]])
]](([
((])
[[]]((]()[
[([(([])]
)))))]
]]])
])))
]
]
[(())((
]]
)])(][)(
([((]
](]][
)))([
([[[)]])
()(([]))(
)))[)]
))[[([]])
([((
]][
[
)(((([]
[(
]()]]
[)[)](((
(([]
][][)[
([)))
([(((]](([
)
(
)[
)[]([)])[
))))(]([[(
]
()([([)
)
)
][)()[]))
]]]()[)
]()))]])[)
[(()[([(
]]((])[]
])
())][[
[[][][
(
][(]
[)[))
]]
([)([[][
]]][)())[)
[[(
)[(((
[(]))[](
][))]
]]][(]
(
)[()[)[
)]
)(]]
]]((](
(][((
[][
[])[])(
))[
])))[[[[(
)][([[
])
[(
]([(](](
([
[][([([(]]
][[)(()[]
)[[)]][][
(
)[))
(([)]]])
[()
])]
[]][[]]
(
)([[[(](
))))(](]
)()[(
)([[(]))[[
)((]([[
((
(])(
)]]]]
]((([]][
(])([[))))
)()])(
([
(((]])[([[
])
[((
)([))
]](])(
][]]()(
(]()[[]
][[][
])(([)]])[
]][[]()]
][(]))[()(
]]()])[]
]([)[()
]]
](]]]()[)
](]
([)[[][]
(()(((()(
[()][]
[[(]])[)
[[]]
[[])]]
((]])[()
]])])]((
[][[))])(
](
)))]][[[
(
)[[))])(]
)]])((
)[(
[(
(
[([[][
(][[](
))[[
[][()
))(](
((][
)[)((
([[][[]]]
))(([)]
(
[][
([]([
)(((()[]([
[())
([
[()[)])]
)](()])
[()[[
]()[](]
[([][
[
]][[[)](
]
)]([)([
[
([])
[[)[
)
))](](]([
))))(](
)[)()]][[[
[]))](
([))[)[(
([))]
[)](][
))[)[(
()(])[[])
]][)
[)[)))[(
)[(
)))((()(
[()((((
]
))
[)
]
[))[]()][
(]([]
)[
]]]))
[](((
)([
[(([[)][
)[])][[]
[)))(])[((
]]([)(
]
(
[((
)])])[]
))]))[(]](
])[)[))]
([[
](
)][)
))
[(
[))[[
(([)]
](][[)(][
()
]]))(]]
[])
(]]([](([
[)]
[[)(([[
()))[
(]]][[]([]
]])]())
])])(]
]
(](
(
[)(
][(])]]
[))[]
[[
]))]]]((
](
][([)[)
[[[)([)
]])]]]
]
[)[]))](
][())))(
](([[)
)
(]))))()(
])[]))()[)
](
][(])]([()
)][[]
[()()]
((((])])]
[][[[[(
)[]()[)(
)[)([[)()]
()]))
[]))[
)
)
(][[)](
))()]](
]
])[(
)]][)]
()
[[()][((
(][][)(
((([
]])[][
)(
)]
])]][
()
)(](
[[()
[[()[(
([)(][([)(
)(]((]])[]
]][][[)
]
)(]][])
[]())
]
))(([))
[
][[)
])[))([][)
)[]()()(
()
)(())]]
[[[[)(
]
()]]
(
[((
()](
][(]])]]
((()[)[
()))()]])
[([[))
[([)(
]
]
(][(]
()])[)
])
][]
[()(
])(([]]
[)[()])])
(][
)(()]([[)(
)))[][[[
(](]
(](((]((
[)([])]
]][]]([((
[
]]
]]]]]]
)(()][
[
([(()[)[(]
][((([([]
]()[()
)))[((])](
[)(]]
)))]])
[])[[((]
()[[[))[
([][](
))))]))[
()(]]()(
(]
[[)()])][
])[
(((]][(
[][]])]
[))([])[(
)[)((]())
]](]))
(]))(((
]))
)]([([([[
])[][
([)
)(
]][])()](]
))))])[)(
(((]
)][[((]]
[([(())
[]]
))((][(
[(]
[]
)))[[)
[]](()[]()
)])]
)))[[[)
(
()][
))(]
[)()][(])
[)]
][]([
[[]](])((]
[][)))([
]()
[])(([
[])))(
(([)()]([
]]]([][][
)[)]](]]
])(((([](]
)((]
()]()[[](
(((([)
])([([((](
((]]](
[])
[
)(][[[
](]])[[
[)])
(()()
][])
)(]([(]][(
)])
)]]
[(]][
]()[[[[[[
))[[[
]())[]))](
)(]]]][(]
[(][(
]
(([[[[
](]]))[()(
[(]])[])
[
][()[[[[([
)[](
[[())]([
))([]](
]]][][
)[[([([
](
))
]]([
([))
(((]][[
()(([]
[()(](
)(([
)[()[)()(
)[]
](
])]))]([[[
][
]](((
)(()][(
([](((()(
)[](
)))()(]((
]]()
))]([[[)[
])])]]]])
[((
)((([
][
[])[]))[
][](()
)())()][])
])[(
]]]]](]
(
]]]()
())))[])([
[][
[([([(
)(()[](](]
([[]
([]((
]
)
(()(])
[)))
)
)[(]
][)[]
[[)[[(
([((
(([](()
(((
)[][][[()[
)[)])](])
][))((
()[))]))(
][[([
][(
)()((][
[[
(](([(]))
[)[][
[(][))()()
](]))
(]]))(([
[][
][
[
[][)(()[
[
)(]
[)([
[]))][[))
(]([((
((
(][
)(
)]]][([
(()
)[[)[][[)[
(
))(](
(][)
))))]][))
)[(](]()[
))(((([
[([[]]]
[
[[()[[[](
]((()[(
)(([]])
[))((
([())
([
)()[))[[([
[)((
][
][]][]
()))((([])
[)(][]]]((
]])](][))
][))(())]
)[(([[])])
([)()
(([
[]))
[)((
(](]([
[
()()[[()
][
]())([
]([([][[[)
(([)([[)
(
]][)((([)]
)
))])[()()(
[)[
()][])
()
](()][
[[[[[(([
])
)[
[]((
([
)[))][)])
[(((][)(]]
[[)])
([
)][]])[
[[)[((([)[
(
[)(
(([)])((
[())(])
))([[))
]][]
[[
](][]
)(]((
])(
((]([(([
))])[[(
(
)][)(][
)(()[](](
(
)(
]][[(()])(
)][((
)[))
[()
[[
[][(((
)[))]
([]))(][)
()]
[([))]
([()[(][()
]()
[(([(]][]
((]](
)))[
[](])
]][)()
([
([()]]]
[[
))(][())]
(([()[([
(
[(
[][)[]]][
]][]((
[)][]((
)[(](](]]
)([)([
[)[([)[
((]))
((]((([
)(
)[
[)[[[()[
)[((
])](][]((
[([([([()
)](((()]
((][)[(
)])(]](]))
[
)]))(
[
()](
[]]())[)])
[]
(])([([([
])()[[]
(((((([((
[[))())()]
(]
[[)[()[()(
([)(][(]
])]])
)])(]])[]]
[(]]]])][
]][](]()
([[)
[)[)
((])])]
][
][][](
()
))()
]
))[[
])]]](])
][[([())]
]([)([[]
[([[([
()))[[)[[
(
([
]]])]
)][][(](]
]]][()))(
]((]()[]
)(](
]](](][)(
[[((
((][
]()[)][][]
][())()[]
[[(]
[])[]
))))][]][)
[)[(((])
([)()][
(]]]
[)[(
(([)([])(
])))[
[)([[
[]
]()]
(()
)[[)[)])][
(
[[
())[([([](
))]([
[)[[)[)
[
[
)(([)])[[
([)([()
])][)()(
]()
]()]
](([[[])
([])([(
[
)][
()((]
(()(]
()])[))([[
)]]())[)
(
)
]((]]
])]
)]]((
]]]](][[])
)](
()
])))(
((((((]))
]]))[]])
)([(](
[[())((]]]
[()(]([
()((((
[()(([)
[)[](
[(
][)
[][([)[]
))]))[)[
]]]([)
[([(]((
()]
(]]((
]
())]
)]
)([][[
[[
[(]
][
()(])[][[
))][
[))]]([)
[]]
([(
[([]()([
[]]]
[)][])
])([[))([]
[
[)][)(](
](][)[
()
)
()](](
[[
[()()
()]
)
(
([)]]])(](
)])()(]
])
([][])))][
[[)[)(]
()()((][
)[
))((]]][
[])
()())[
([[
(])
(
][]((]
[)[
)]]((]])]
[]([()
](])]()
))[][](](
[][[))]])
)[((((
(([]]()
)))]
(][
)][((][]
)]))]]
)
)])]]]
)([](]]]][
]((]()
[()[())
)]]()]((
([)([[[
()(
[
][[[()([]
()(()[(
)
](])]]])(]
[]())
(([[([()([
(([])[((()
]
())(())
([]](])
]((]())]]]
])
)[]][))((]
[[][]
)(([
[[))[[
]()]([]
(][(]
[]((]]([
][][
)[(([)[(
)))((
[(
([[(])
[[())(]
[)(][][(
][)[)
]))][)))
(]([[
)))]](
][(]))[]]
[[]((
]]
[[]][[([[]
[]]]][)[(
([)])[([))
]]))([
[
([
())))(])]
([]])]()(
]
(])
((()[([
[](([(())[
)[
][)[][]][(
]([[
()())][
[(
(([)[
(([
([])
)[()
[)]]
)([]])(
])
[
[)(([([[[(
([()
]]
[[])[]
(
)[]]()
[
[)[[
)(()]
([[)((]]]
])][)[[[))
([
[
])[[
](](([(]](
[[]
[]
]()[[)))
])))
[
])([]]][[
[[[[)]((]
)])((([[[[
])
(]][[))[)(
[)]])
((
]
]
]][(
)
(([[)[[(
[]][])[)
]])[])(][(
([)[)
[)(([[])]
))(([][)]
[)][(])
)(((]((()
)[
[]
]])[
[[[[](([)]
()
)
[[((
)][[)([[
))
]
])
([[)][)(([
))][)[
)[[
()][)[
][[(
([[(]
)][])]
]()])](
)][))[[
((())[
(](][)(()[
)][[)
[
)((]])
)]
[()]))
](][][])
])(
])([(
)()(]()(
])))(](([(
(][([()[
[)][[)][)]
([]
)
[]])[[(
[))]]]]]
)[)[
)][()(
[)()[]([
(
[[((][(
])((]()[)
[[])()][)
))
])((([))
))))[([]([
)][]](()]
)
]))(]
]]))]]()
([])]
]()([))
])[(][])
])(([
]][()[[
([([
(]][][(
[)])]][
[))([(]
([)]]
[([[()]][
)]]()[)(
]
[[
][[))[[)[
)[)
(])])
(])()])[
(][][[
)]][]]
()([([]][)
[([(]]][
[[
)(][]
[([
][[](
[)])))[[[
(
(])])[))
))[])][)([
([]]]]]])[
(]]]
]][(
[([))(()))
(]]((
)(]][[]
[[]()
[)))])()
))
)[]()]
(
()))((
[)
)]])])
[((
]
((]
](((
)][))]][
]]((
]((](][[[(
[(]()
)])(()
[))][[)()]
[]((][]])(
][][[[][[]
)(]][
)]([])[)[[
)](
[((]]])([)
])[)(])[
)]][(]
[)
[))
(])])][)(
]]()
[[((
()
[(][[](
(][(]))][]
)[(((][
)[[]
[[][
[)[[
()((
[)
))(
))))])))
[)(
)
([(((][(
()))
([])[
[]
(()()][])
)([)
([[()[()[
(()([))
[[])[[[[)
]
([
)]
()][]])]
])]](][
()((]
)](][
]
]])((
(]]())()()
[[][[[]]
]](]]]
]))(
(
)([]
[)])([](]]
[([]]
))[[)])]]]
(((
([[)(]
[[
[)][[
[
[]][())
[]
]))][][
()[[)([]]
)]((]]))[
[)]])]])
]
[
])[))())
))
[)()]([
[(())[(
)()]
(]
[)(
[[()((
]([][)[[
)](]]
[[)([[[[[[
)[)(()
([[]](
[)[[[()
)[
)[[((][]
[(
)[
[)])[(])
()([(][[)
[
))[()[)](
)[][]([
]][[[))([)
()[)()[
))[()([)](
(]][[(
(])](
(()][()(]
(
(]()()(
](()(]([(
]
((]][]
[
[[))(
[)[[()
(([])(]([
([(
([
]]
]))[)])[([
](()(](]))
)(][[[])()
]]
](([]]]])]
([()][[(
((])((
[)(
))))
](
(
[](]
[[(]([
]]([
)[[[]
]([[[(
][
[[](([
[([[[)])[
])]]
([][(
](
)])[])])]
][[(
))[)
][))[[]
()]]()]]
[))[
()[))(
(])[)[
(])[][](
[)][]]
[]][[
])()[)
)]()](
)(]
[)
[)][[]
)
[[[
])[][)]
[()[])]()[
[
[[((
]()((
(]]
](]])[)(]]
([]]]][)[[
[
])]])(][[
(((]()])[)
]((
[)]]]]
)([[)]))](
)((([][]]
])[(]]
)][)
)))[
[][[]]])()
][[]]]
)
][
]]))([))]
)])))]
(]((]][)[
]
)]))
[))
[[][)])((
((
))
)[[((]
[[))[[[)
]]]))])[
((((])
([[
()(
)(])
]()
)]
[[()](
)]]][]))
(
))
[[(]([)[
]([(
(]))
)([](([]
(((
[]][
(([[
([
)]]
]))]][((]]
])(]]((
[(]([
)][][()()
][((]
][[
][[[]
][]]](]](
][(
()][()()][
(
()))])([
)(])))[]
(]
)()(]]
[[)[(]([[]
])[)](())
((([
)((
((()((
](([[][[[(
[(])[)([]
][)[][]
[)[((
[[)((()
][(()
)
()(
]][[])(]])
)))]]
)[]]
[(]][(([])
[]]
[[()
((
([[)]([(
[(([])([](
]]((
)][
(
([[))[
)]][]]]
])(][(](
)])([[[[[
((]
[)))])[
(])([[[)](
](
][[)][
)(][[(][(
([(((
)]()([([
)((]]
(]](]]]
[
[[((
][[[((()](
]
](])]])
][[[
])](]()[
()[[]([][
()(
][)]][
(]]][(()[)
(((
[[](]
]([][[[)[
)[)])
[([)
)[
())])
[)
[()]]])([
((][[]
)((
([)
()[](
][()][[][
[(
))(][[)[[)
]((](()[)(
]([()(]]][
[](
))[)][(])[
]]
](
((]](][[[
([()])(())
])(][]))[
)[](
[()]](
)
]]
(][[()]](
[]]
(]]([]((](
(
](
()[]])]][
][[[]([(]]
((
([)[
[][]))[()
](
[]([]
]))
]()
(]))][[([
)[)][[
(](
(
[(]()]
)))[
()][[]
(])]][)]
]
]()]]]
][[](([(]
(]]]
[][))][](
)
()]]][][
)([
[))([
)[((]]([]]
][
(([
)(])[)
](()][[[]]
)
]))[(
)]][](
((
](]][[]))
[]([[)[])
)[(][)
[]
[])(]()
(][]))
)
()])[[[(
[([][[(])
)[][[(
[
(()()
[(()[]
)]][]][][(
[[[
)]()]]
()()[))][(
)[)
]([[
)[[)]
((][[)
]](()]))]
[([
((([][)[(]
[]))((
)]))()((
(()[[][(][
)])]
()])
)))]][((
)][]]()[(
[[[(
][[]][[(]
((][[)(
[())
][][](][
]]])[)(
([
][)(())])
)]])((([[
()][()[[
[((]))]
)()[][[]
])
]()
)])))]
()]))[)]
[)[])(
[([(()[
)())[
)]]
)[)[)]]
([(()(][
(]]))
][)[[)[))]
)()((]
)()[])[](
))[](]]((
])[(
])[(
]([][
))
]))[[
))[)[
([[
[][((()[[[
[[])([])))
((
]][])[
]([(([()]
()(([
))(()
)
(]()[[
)
)]][[)([
])[)[(()
]])[][()])
])[[]
(]][(([[](
])]))()
)))(])]]]
)]](]])
([])[[[)
(([[()[)][
])])[)](
][[[
[[[
][[(]([)
)]
[]
][
)))([]][]]
(
])
[][[([
[[)(([)(
)((][])](
[)]][
([[[
)
(]])
]
)(
)[()[]([[
)([[[)])
(])([)
(]][
)](()[()((
)(]
)([[[()
()[)]
)]
)]][)()[]
]]]](
)
[[((
])][
(]])([(
)[]][([
]
[[])
]()[((()))
((([][[]]
)]]](([)((
](]((][)((
(([[]](
([]()]
(
)[[](]
)
[[
)[
)(()(
()
)[(
)(][[
((
]))))[[)
[[[
[]))()]
[)(
(][
)(
][])]][)(
)[[[[[[((
)[[[[
(][
][)[](
(
(]([
)]
)
(]([])]
]))](])]
][()(
]([[)
))(
]
([[][)
[[[)
))((
)[
][([[)]
))[[
]]([)
(]
(
([[(])
)(()[))]
))])[[[
[)[))])
[)
(
(]][])()]
(
[[[])
])](((
](
])[[
(
()])()][
((](]
(())][[
[([[(
]][)][](
]))[
][()))[([
((]
([])[]])(
](]]
]][
)(])
]])(]))[[
)
)])]]()([
)[
](]((]
([(]))
[(])])
][)(])]
(][(()]([
]))))))
])(])
()[]])
()][[()[]
[)([]]))](
(
[)()]
]]]][
]
[[[)
[)[))(][[]
[[
[]
]](](([)
][
]
()[][][[]
(](
[)](
][)(])((]
)](
[[)]([(]](
[))[][][)
]
)([[[)(()
)((](
(
()
]))([)(
((())(
))[]
))))][))](
]()[[[]]
]))[[
([)[)((
[)
))([][][
])
[(])
]([)])()
)[)))[[
((](
)])]
(
()][()]
([))[](([
]][)
[)(]](
(]])][)
)]])
)
[](
)(][[)
[]([]
]
[]
[((([[[
]
)((()[(((]
]
)[((())
)))
]))[]][(
(()][]
[)]])[
[[
[
([](
)(
()[]][[)
)[()
[[)(]][
])((][]
)]([][]([]
([(])[][
][(()(]))
([
